%YAML:1.0
---
rotation: !!opencv-matrix
   rows: 3
   cols: 3
   dt: d
   data: [ 9.9967395293381500e-01, -7.9204263431310821e-03,
       2.4274568425073560e-02, 6.3435486265333227e-03,
       9.9790644308137644e-01, 6.4362180257496557e-02,
       -2.4733524142413473e-02, -6.4187208252257780e-02,
       9.9763132222293316e-01 ]
translation: !!opencv-matrix
   rows: 3
   cols: 1
   dt: d
   data: [ -6.7759750701157626e-02, 2.2900134645158714e-02,
       1.1253949659621929e-01 ]
essential: !!opencv-matrix
   rows: 3
   cols: 3
   dt: d
   data: [ -1.2803008021742507e-03, -1.1377378446597540e-01,
       1.5602604239119102e-02, 1.1082686599367314e-01,
       -5.2406700228596805e-03, 7.0331097396140463e-02,
       -2.3322505396936987e-02, -6.7436512976568247e-02,
       -4.9170561742182383e-03 ]
fundamental: !!opencv-matrix
   rows: 3
   cols: 3
   dt: d
   data: [ 2.1976047523871012e-07, 1.9206367382185277e-05,
       -5.4888780003105805e-03, -1.9064188354067443e-05,
       8.8659554119899179e-07, 1.0771530491456326e-03,
       1.4283790824394718e-02, -7.0051277302724153e-03,
       9.9999999999999989e-01 ]
