%YAML:1.0
---
cameraMatrix: !!opencv-matrix
   rows: 3
   cols: 3
   dt: d
   data: [ 1.0524641547387550e+03, 0., 9.6365350085952286e+02, 0.,
       1.0501990314878365e+03, 5.3935084439107436e+02, 0., 0., 1. ]
distortionCoefficients: !!opencv-matrix
   rows: 1
   cols: 5
   dt: d
   data: [ 4.9218562012960605e-02, -5.0314617070357150e-02,
       2.5300510726289746e-03, 5.4308778926068588e-03,
       7.2919421752226429e-03 ]
rotation: !!opencv-matrix
   rows: 3
   cols: 3
   dt: d
   data: [ 1., 0., 0., 0., 1., 0., 0., 0., 1. ]
projection: !!opencv-matrix
   rows: 4
   cols: 4
   dt: d
   data: [ 1.0524641547387550e+03, 0., 9.6365350085952286e+02, 0., 0.,
       1.0501990314878365e+03, 5.3935084439107436e+02, 0., 0., 0., 1.,
       0., 0., 0., 0., 1. ]
