%YAML:1.0
---
depthShift: -4.8714031705210672e+01
