%YAML:1.0
---
cameraMatrix: !!opencv-matrix
   rows: 3
   cols: 3
   dt: d
   data: [ 3.1264014196239992e+02, 0., 2.6602552082974023e+02, 0.,
       3.1789176648586482e+02, 2.3914565803448485e+02, 0., 0., 1. ]
distortionCoefficients: !!opencv-matrix
   rows: 1
   cols: 5
   dt: d
   data: [ 1.1066236290301792e-01, -2.6016751646306430e-01,
       4.0214435938318879e-04, 1.2955719692573375e-02,
       1.1425130510642338e-01 ]
rotation: !!opencv-matrix
   rows: 3
   cols: 3
   dt: d
   data: [ 1., 0., 0., 0., 1., 0., 0., 0., 1. ]
projection: !!opencv-matrix
   rows: 4
   cols: 4
   dt: d
   data: [ 3.1264014196239992e+02, 0., 2.6602552082974023e+02, 0., 0.,
       3.1789176648586482e+02, 2.3914565803448485e+02, 0., 0., 0., 1.,
       0., 0., 0., 0., 1. ]
