%YAML:1.0
---
cameraMatrix: !!opencv-matrix
   rows: 3
   cols: 3
   dt: d
   data: [ 1.0724321888276390e+03, 0., 9.3990745179340104e+02, 0.,
       1.0799203484228171e+03, 4.6912945970693426e+02, 0., 0., 1. ]
distortionCoefficients: !!opencv-matrix
   rows: 1
   cols: 5
   dt: d
   data: [ 1.0396488255280671e-01, -9.7207205771612959e-02,
       -1.4022072793807634e-02, -2.1620268102816717e-03,
       7.5117877358373431e-04 ]
rotation: !!opencv-matrix
   rows: 3
   cols: 3
   dt: d
   data: [ 1., 0., 0., 0., 1., 0., 0., 0., 1. ]
projection: !!opencv-matrix
   rows: 4
   cols: 4
   dt: d
   data: [ 1.0724321888276390e+03, 0., 9.3990745179340104e+02, 0., 0.,
       1.0799203484228171e+03, 4.6912945970693426e+02, 0., 0., 0., 1.,
       0., 0., 0., 0., 1. ]
