%YAML:1.0
---
depthShift: 2.0349467670251919e+00
