%YAML:1.0
---
rotation: !!opencv-matrix
   rows: 3
   cols: 3
   dt: d
   data: [ 9.9933627189301522e-01, -4.5745333080890018e-03,
       3.6139857830139455e-02, 4.4636473239586432e-03,
       9.9998508180756562e-01, 3.1483352559250259e-03,
       -3.6153720853279059e-02, -2.9849300376337050e-03,
       9.9934178270556340e-01 ]
translation: !!opencv-matrix
   rows: 3
   cols: 1
   dt: d
   data: [ -4.3706084114661155e-02, 9.8882030895253007e-04,
       -6.5504545317461079e-03 ]
essential: !!opencv-matrix
   rows: 3
   cols: 3
   dt: d
   data: [ -6.5106145825816479e-06, 6.5474052513628559e-03,
       1.0087924772687175e-03, -8.1262443756312565e-03,
       -1.0049433086260228e-04, 4.3440583518724686e-02,
       -1.1832525465198395e-03, -4.3700908707448763e-02,
       -1.7333723090171146e-04 ]
fundamental: !!opencv-matrix
   rows: 3
   cols: 3
   dt: d
   data: [ -6.4675540753037839e-09, 6.5640785988615147e-06,
       -8.2962363171208914e-04, -8.0165236235843003e-06,
       -1.0005164406245597e-07, 1.8673460976612655e-02,
       2.5063009331643144e-03, -5.3108298048706599e-02, 1. ]
