%YAML:1.0
---
depthShift: -5.7112870843952322e+01
