%YAML:1.0
---
cameraMatrix: !!opencv-matrix
   rows: 3
   cols: 3
   dt: d
   data: [ 1.0655185664955109e+03, 0., 9.5541373974567989e+02, 0.,
       1.0635847764798423e+03, 5.1751711036167296e+02, 0., 0., 1. ]
distortionCoefficients: !!opencv-matrix
   rows: 1
   cols: 5
   dt: d
   data: [ 5.5606512066996343e-02, -5.4916269439571862e-02,
       -3.6432067997561241e-03, 3.1210514480313587e-03,
       1.0120638353060849e-02 ]
rotation: !!opencv-matrix
   rows: 3
   cols: 3
   dt: d
   data: [ 1., 0., 0., 0., 1., 0., 0., 0., 1. ]
projection: !!opencv-matrix
   rows: 4
   cols: 4
   dt: d
   data: [ 1.0655185664955109e+03, 0., 9.5541373974567989e+02, 0., 0.,
       1.0635847764798423e+03, 5.1751711036167296e+02, 0., 0., 0., 1.,
       0., 0., 0., 0., 1. ]
