%YAML:1.0
---
rotation: !!opencv-matrix
   rows: 3
   cols: 3
   dt: d
   data: [ 9.9997435759778319e-01, -4.8147003417066759e-03,
       -5.3012081189537990e-03, 4.8616277267747908e-03,
       9.9994879644182555e-01, 8.8751941044057786e-03,
       5.2582052781483006e-03, -8.9007390234853052e-03,
       9.9994656263326831e-01 ]
translation: !!opencv-matrix
   rows: 3
   cols: 1
   dt: d
   data: [ -5.3189994348186463e-02, 7.4412102003855039e-04,
       7.1244833523212347e-03 ]
essential: !!opencv-matrix
   rows: 3
   cols: 3
   dt: d
   data: [ -3.0723844729442527e-05, -7.1307417804246940e-03,
       6.8085008352525127e-04, 7.4039845724798402e-03,
       -5.0773251078477070e-04, 5.3149383645961348e-02,
       -1.0026918902981943e-03, -5.3183688111487104e-02,
       -4.6812678385948863e-04 ]
fundamental: !!opencv-matrix
   rows: 3
   cols: 3
   dt: d
   data: [ -3.6161547442248046e-08, -8.4089182504169181e-06,
       2.0131503713970854e-03, 8.7302334971856770e-06,
       -5.9983154615171836e-07, 2.0825713280721022e-02,
       -5.7409727380150844e-03, -5.8481492645236159e-02, 1. ]
