%YAML:1.0
---
cameraMatrix: !!opencv-matrix
   rows: 3
   cols: 3
   dt: d
   data: [ 3.6653715727920269e+02, 0., 2.5968300966034144e+02, 0.,
       3.6583397169647446e+02, 2.0335966616800127e+02, 0., 0., 1. ]
distortionCoefficients: !!opencv-matrix
   rows: 1
   cols: 5
   dt: d
   data: [ 1.0587836065156693e-01, -3.0216512684721730e-01,
       -1.2650655863242568e-03, -8.7332893858961508e-05,
       1.2493419449260856e-01 ]
rotation: !!opencv-matrix
   rows: 3
   cols: 3
   dt: d
   data: [ 1., 0., 0., 0., 1., 0., 0., 0., 1. ]
projection: !!opencv-matrix
   rows: 4
   cols: 4
   dt: d
   data: [ 3.6653715727920269e+02, 0., 2.5968300966034144e+02, 0., 0.,
       3.6583397169647446e+02, 2.0335966616800127e+02, 0., 0., 0., 1.,
       0., 0., 0., 0., 1. ]
