%YAML:1.0
---
cameraMatrix: !!opencv-matrix
   rows: 3
   cols: 3
   dt: d
   data: [ 3.8434991394516931e+02, 0., 2.7243335293130548e+02, 0.,
       3.8083803862495648e+02, 1.8533454354619161e+02, 0., 0., 1. ]
distortionCoefficients: !!opencv-matrix
   rows: 1
   cols: 5
   dt: d
   data: [ 9.1795312712375371e-02, -8.5132088016768678e-02,
       -1.6829242006350841e-02, 2.0926561612607059e-02,
       -4.2614382999034049e-02 ]
rotation: !!opencv-matrix
   rows: 3
   cols: 3
   dt: d
   data: [ 1., 0., 0., 0., 1., 0., 0., 0., 1. ]
projection: !!opencv-matrix
   rows: 4
   cols: 4
   dt: d
   data: [ 3.8434991394516931e+02, 0., 2.7243335293130548e+02, 0., 0.,
       3.8083803862495648e+02, 1.8533454354619161e+02, 0., 0., 0., 1.,
       0., 0., 0., 0., 1. ]
